  2476.97556703     0.56328486
  2612.70621471     1.39371546
  2749.06346609     2.65330335
  2886.04980180     2.07208782
  3023.40996639     3.14801706
  3160.41565090     3.99674597
  3297.61829636     2.20156439
  3435.16029014     2.47045120
  3573.04783378     2.43623212
  3711.63243064     1.10817752
  3850.47203486     1.08895964
  3989.22432138     0.96741473
  2477.91646484     0.56620186
  2613.64711251     1.39863072
  2750.00436390     2.65946398
  2886.99069960     2.07483347
  3024.35086420     3.14952598
  3161.35654871     3.99572339
  3298.55919416     2.19957224
  3436.10118794     2.46691823
  3573.98873158     2.43191375
  3712.57332844     1.10599196
  3851.41293266     1.08659481
  3990.16521918     0.96501663
